Time: 18.191340 sec
difference = 0.000000
