shifts[0] = 313 :-)
shifts[1] = 313 :-)
shifts[2] = 313 :-)
shifts[3] = 313 :-)
shifts[4] = 312 :-)
shifts[5] = 312 :-)
shifts[6] = 312 :-)
shifts[7] = 312 :-)
Time: 3.817200 sec
difference = 0.000000
