shifts[0] = 2500 :-)
Time: 29.998312 sec
difference = 0.000000
