shifts[0] = 157 :-)
shifts[1] = 157 :-)
shifts[2] = 157 :-)
shifts[3] = 157 :-)
shifts[4] = 156 :-)
shifts[5] = 156 :-)
shifts[6] = 156 :-)
shifts[7] = 156 :-)
shifts[8] = 156 :-)
shifts[9] = 156 :-)
shifts[10] = 156 :-)
shifts[11] = 156 :-)
shifts[12] = 156 :-)
shifts[13] = 156 :-)
shifts[14] = 156 :-)
shifts[15] = 156 :-)
Time: 2.333647 sec
difference = 0.000000
