shifts[0] = 625 :-)
shifts[1] = 625 :-)
shifts[2] = 625 :-)
shifts[3] = 625 :-)
Time: 7.932398 sec
difference = 0.000000
