Time: 8.527970 sec
difference = 0.000000
