Time: 5.780913 sec
difference = 0.000000
