Time: 2.280529 sec
difference = 0.000000
