shifts[0] = 1250 :-)
shifts[1] = 1250 :-)
Time: 15.076428 sec
difference = 0.000000
